{
 "cells": [
  {
   "cell_type": "markdown",
   "id": "4accdd0f",
   "metadata": {},
   "source": [
    "# Data Manipulation"
   ]
  },
  {
   "cell_type": "code",
   "execution_count": 2,
   "metadata": {},
   "outputs": [],
   "source": [
    "import numpy as np "
   ]
  },
  {
   "cell_type": "markdown",
   "id": "905a9c25",
   "metadata": {},
   "source": [
    "## Check for missing values"
   ]
  },
  {
   "cell_type": "code",
   "execution_count": 3,
   "id": "e7c26629",
   "metadata": {},
   "outputs": [],
   "source": [
    "lending_co_data_numeric = np.loadtxt(\"Lending-company-Numeric.csv\", delimiter = ',')\n",
    "## If np.loadtxt() compiles first time, the dataset consists of only numeric values and has no missing data. "
   ]
  },
  {
   "cell_type": "code",
   "execution_count": 4,
   "id": "40ce44c3",
   "metadata": {},
   "outputs": [
    {
     "data": {
      "text/plain": [
       "0"
      ]
     },
     "execution_count": 4,
     "metadata": {},
     "output_type": "execute_result"
    }
   ],
   "source": [
    "np.isnan(lending_co_data_numeric).sum()\n",
    "\n",
    "## isnan() determines whether data is missing data for the individual elements in an array (True -> Missing, False -> Not missing)\n",
    "## By adding .sum(), we get the total number of missing elements in the data. "
   ]
  },
  {
   "cell_type": "code",
   "execution_count": 6,
   "id": "23718c04",
   "metadata": {},
   "outputs": [],
   "source": [
    "lending_co_data_numeric_NAN = np.genfromtxt(\"Lending-company-Numeric-NAN.csv\", delimiter = ';')"
   ]
  },
  {
   "cell_type": "code",
   "execution_count": 7,
   "id": "f1bb96e6",
   "metadata": {},
   "outputs": [
    {
     "data": {
      "text/plain": [
       "260"
      ]
     },
     "execution_count": 7,
     "metadata": {},
     "output_type": "execute_result"
    }
   ],
   "source": [
    "np.isnan(lending_co_data_numeric_NAN).sum()"
   ]
  },
  {
   "cell_type": "code",
   "execution_count": 8,
   "id": "32f77974",
   "metadata": {},
   "outputs": [],
   "source": [
    "lending_co_data_numeric_NAN = np.genfromtxt(\"Lending-company-Numeric-NAN.csv\", delimiter = ';', filling_values=0)\n",
    "\n",
    "\n",
    "## Filling_values substitutes every nan with the value we're passing (0 in this case)"
   ]
  },
  {
   "cell_type": "code",
   "execution_count": 9,
   "id": "5b6f4a60",
   "metadata": {},
   "outputs": [
    {
     "data": {
      "text/plain": [
       "0"
      ]
     },
     "execution_count": 9,
     "metadata": {},
     "output_type": "execute_result"
    }
   ],
   "source": [
    "np.isnan(lending_co_data_numeric_NAN).sum()\n",
    "## All the previously missing values are now 0s."
   ]
  },
  {
   "cell_type": "code",
   "execution_count": null,
   "id": "e535fe2c",
   "metadata": {},
   "outputs": [],
   "source": [
    "lending_co_data_numeric_NAN = np.genfromtxt(\"Lending-company-Numeric-NAN.csv\", delimiter = ';')\n",
    "# We need to reimport the dataset since all the missing values are filled up. "
   ]
  },
  {
   "cell_type": "code",
   "execution_count": 11,
   "id": "b543bcd5",
   "metadata": {},
   "outputs": [],
   "source": [
    "temporary_fill = np.nanmax(lending_co_data_numeric_NAN).round(2) + 1 \n",
    "# We use nanmax(), since max() returns nan. \n",
    "# We want a value greater than the max, since we have be certain it's unique to the dataset."
   ]
  },
  {
   "cell_type": "code",
   "execution_count": 12,
   "id": "2113d4e3",
   "metadata": {},
   "outputs": [
    {
     "data": {
      "text/plain": [
       "64002.0"
      ]
     },
     "execution_count": 12,
     "metadata": {},
     "output_type": "execute_result"
    }
   ],
   "source": [
    "temporary_fill"
   ]
  },
  {
   "cell_type": "code",
   "execution_count": 13,
   "id": "ecb01986",
   "metadata": {},
   "outputs": [],
   "source": [
    "lending_co_data_numeric_NAN = np.genfromtxt(\"Lending-company-Numeric-NAN.csv\", delimiter = ';', filling_values = temporary_fill)\n",
    "\n",
    "# Filling up all the missing values with the temporary filler. "
   ]
  },
  {
   "cell_type": "code",
   "execution_count": 14,
   "id": "9db1c845",
   "metadata": {},
   "outputs": [
    {
     "data": {
      "text/plain": [
       "array([[False, False, False, False, False, False],\n",
       "       [False, False, False, False, False, False],\n",
       "       [False, False, False, False, False, False],\n",
       "       ...,\n",
       "       [False, False, False, False, False, False],\n",
       "       [False, False, False, False, False, False],\n",
       "       [False, False, False, False, False, False]])"
      ]
     },
     "execution_count": 14,
     "metadata": {},
     "output_type": "execute_result"
    }
   ],
   "source": [
    "np.isnan(lending_co_data_numeric_NAN)"
   ]
  },
  {
   "cell_type": "code",
   "execution_count": 15,
   "id": "1932d010",
   "metadata": {},
   "outputs": [
    {
     "data": {
      "text/plain": [
       "0"
      ]
     },
     "execution_count": 15,
     "metadata": {},
     "output_type": "execute_result"
    }
   ],
   "source": [
    "np.isnan(lending_co_data_numeric_NAN).sum()"
   ]
  },
  {
   "cell_type": "markdown",
   "id": "d638e07b",
   "metadata": {},
   "source": [
    "## Substituting Missing Values"
   ]
  },
  {
   "cell_type": "code",
   "execution_count": 16,
   "id": "90380100",
   "metadata": {},
   "outputs": [
    {
     "data": {
      "text/plain": [
       "array([[ 2000.,    40.,   365.,  3121.,  4241., 13621.],\n",
       "       [ 2000.,    40.,   365.,  3061.,  4171., 15041.],\n",
       "       [ 1000.,    40.,   365.,  2160.,  3280., 15340.],\n",
       "       ...,\n",
       "       [   nan,    40.,   365.,  4201.,  5001., 16600.],\n",
       "       [ 1000.,    40.,   365.,  2080.,  3320., 15600.],\n",
       "       [ 2000.,    40.,   365.,  4601.,  4601., 16600.]])"
      ]
     },
     "execution_count": 16,
     "metadata": {},
     "output_type": "execute_result"
    }
   ],
   "source": [
    "lending_co_data_numeric_NAN = np.genfromtxt(\"Lending-company-Numeric-NAN.csv\", delimiter = ';')\n",
    "lending_co_data_numeric_NAN"
   ]
  },
  {
   "cell_type": "code",
   "execution_count": 18,
   "id": "4eb2aeb1",
   "metadata": {},
   "outputs": [
    {
     "data": {
      "text/plain": [
       "array([ 2250.25,    46.11,   365.  ,  3895.99,  5160.75, 16571.44])"
      ]
     },
     "execution_count": 18,
     "metadata": {},
     "output_type": "execute_result"
    }
   ],
   "source": [
    "temporary_mean = np.nanmean(lending_co_data_numeric_NAN, axis = 0).round(2)\n",
    "temporary_mean"
   ]
  },
  {
   "cell_type": "code",
   "execution_count": 19,
   "id": "da870706",
   "metadata": {},
   "outputs": [
    {
     "data": {
      "text/plain": [
       "2250.25"
      ]
     },
     "execution_count": 19,
     "metadata": {},
     "output_type": "execute_result"
    }
   ],
   "source": [
    "temporary_mean[0]"
   ]
  },
  {
   "cell_type": "code",
   "execution_count": 20,
   "id": "c8fb6af8",
   "metadata": {},
   "outputs": [],
   "source": [
    "temporary_fill = np.nanmax(lending_co_data_numeric_NAN).round(2) + 1 \n",
    "lending_co_data_numeric_NAN = np.genfromtxt(\"Lending-company-Numeric-NAN.csv\", delimiter=';', filling_values=temporary_fill)\n",
    "## Creating a unique filler and using it to take care of all the missing values.\n"
   ]
  },
  {
   "cell_type": "code",
   "execution_count": 21,
   "id": "081d18ff",
   "metadata": {},
   "outputs": [
    {
     "data": {
      "text/plain": [
       "64002.0"
      ]
     },
     "execution_count": 21,
     "metadata": {},
     "output_type": "execute_result"
    }
   ],
   "source": [
    "temporary_fill"
   ]
  },
  {
   "cell_type": "code",
   "execution_count": 22,
   "id": "14f8d8f4",
   "metadata": {},
   "outputs": [
    {
     "data": {
      "text/plain": [
       "4263.25"
      ]
     },
     "execution_count": 22,
     "metadata": {},
     "output_type": "execute_result"
    }
   ],
   "source": [
    "np.mean(lending_co_data_numeric_NAN[:,0]).round(2)\n",
    "# Supposed mean (w/ fillers)"
   ]
  },
  {
   "cell_type": "code",
   "execution_count": 23,
   "id": "8e624cad",
   "metadata": {},
   "outputs": [
    {
     "data": {
      "text/plain": [
       "2250.25"
      ]
     },
     "execution_count": 23,
     "metadata": {},
     "output_type": "execute_result"
    }
   ],
   "source": [
    "temporary_mean[0]\n",
    "# Actual mean (w/0 fillers)"
   ]
  },
  {
   "cell_type": "code",
   "execution_count": 27,
   "id": "51dd8cf0",
   "metadata": {},
   "outputs": [],
   "source": [
    "lending_co_data_numeric_NAN[:,0] = np.where(lending_co_data_numeric_NAN[:,0] == temporary_fill,temporary_mean[0], lending_co_data_numeric_NAN[:,0])\n",
    "\n",
    "# Going through the first column and substituting any temporary fillers (previously missing) with the mean for that column."
   ]
  },
  {
   "cell_type": "code",
   "execution_count": 25,
   "id": "7c68dd66",
   "metadata": {},
   "outputs": [
    {
     "data": {
      "text/plain": [
       "2250.25"
      ]
     },
     "execution_count": 25,
     "metadata": {},
     "output_type": "execute_result"
    }
   ],
   "source": [
    "np.mean(lending_co_data_numeric_NAN[:,0]).round(2)\n",
    "# New mean equals old mean. "
   ]
  },
  {
   "cell_type": "code",
   "execution_count": 28,
   "id": "19911b1a",
   "metadata": {},
   "outputs": [],
   "source": [
    "#Iterating along the columns \n",
    "for i in range(lending_co_data_numeric_NAN.shape[1]):\n",
    "    lending_co_data_numeric_NAN[:,i] = np.where(lending_co_data_numeric_NAN[:,i] == temporary_fill,temporary_mean[i], lending_co_data_numeric_NAN[:,i])\n",
    "# We're generalizing the filling from earlier and going through all the columns. "
   ]
  },
  {
   "cell_type": "code",
   "execution_count": 30,
   "id": "562a825d",
   "metadata": {},
   "outputs": [],
   "source": [
    "for i in range(lending_co_data_numeric_NAN.shape[1]):\n",
    "    lending_co_data_numeric_NAN[:,i] = np.where(lending_co_data_numeric_NAN[:,i] < 0, 0,\n",
    "    lending_co_data_numeric_NAN[:,i])\n",
    "# We can use this approach for other applications as well (e.g. remove all negative values and set them to 0)\n"
   ]
  },
  {
   "cell_type": "markdown",
   "id": "bbb0eab9",
   "metadata": {},
   "source": [
    "## Reshaping"
   ]
  },
  {
   "cell_type": "code",
   "execution_count": null,
   "id": "4e5b3b43",
   "metadata": {},
   "outputs": [],
   "source": [
    "lending_co_data_numeric = np.loadtxt(\"Lending-company-Numeric.csv\", delimiter = ',')"
   ]
  },
  {
   "cell_type": "code",
   "execution_count": 31,
   "id": "09f61082",
   "metadata": {},
   "outputs": [
    {
     "data": {
      "text/plain": [
       "array([[ 2000.,    40.,   365.,  3121.,  4241., 13621.],\n",
       "       [ 2000.,    40.,   365.,  3061.,  4171., 15041.],\n",
       "       [ 1000.,    40.,   365.,  2160.,  3280., 15340.],\n",
       "       ...,\n",
       "       [ 2000.,    40.,   365.,  4201.,  5001., 16600.],\n",
       "       [ 1000.,    40.,   365.,  2080.,  3320., 15600.],\n",
       "       [ 2000.,    40.,   365.,  4601.,  4601., 16600.]])"
      ]
     },
     "execution_count": 31,
     "metadata": {},
     "output_type": "execute_result"
    }
   ],
   "source": [
    "lending_co_data_numeric"
   ]
  },
  {
   "cell_type": "markdown",
   "id": "7c778f2e",
   "metadata": {},
   "source": [
    "- Why is reshaping useful ? \n",
    "    - Certain conditions need to be met about shapes and sizes \n",
    "    - It is not always possible to store the outputs of a function as a part of an existing array (or series)"
   ]
  },
  {
   "cell_type": "code",
   "execution_count": 32,
   "id": "0f1b171a",
   "metadata": {},
   "outputs": [
    {
     "data": {
      "text/plain": [
       "(1043, 6)"
      ]
     },
     "execution_count": 32,
     "metadata": {},
     "output_type": "execute_result"
    }
   ],
   "source": [
    "lending_co_data_numeric.shape"
   ]
  },
  {
   "cell_type": "code",
   "execution_count": 34,
   "id": "d2100a0f",
   "metadata": {},
   "outputs": [
    {
     "data": {
      "text/plain": [
       "array([[ 2000.,    40.,   365., ...,   365.,  1581.,  3041.],\n",
       "       [12277.,  2000.,    40., ...,    50.,   365.,  5350.],\n",
       "       [ 6850., 15150.,  1000., ...,  2000.,    40.,   365.],\n",
       "       [ 3101.,  4351., 16600., ..., 16600.,  2000.,    40.],\n",
       "       [  365.,  3441.,  4661., ...,  8450., 22250.,  2000.],\n",
       "       [   40.,   365.,  3701., ...,  4601.,  4601., 16600.]])"
      ]
     },
     "execution_count": 34,
     "metadata": {},
     "output_type": "execute_result"
    }
   ],
   "source": [
    "np.reshape(lending_co_data_numeric, (6, 1043))"
   ]
  },
  {
   "cell_type": "code",
   "execution_count": 35,
   "id": "ac56f025",
   "metadata": {},
   "outputs": [
    {
     "data": {
      "text/plain": [
       "array([[ 2000.,  2000.,  1000., ...,  2000.,  1000.,  2000.],\n",
       "       [   40.,    40.,    40., ...,    40.,    40.,    40.],\n",
       "       [  365.,   365.,   365., ...,   365.,   365.,   365.],\n",
       "       [ 3121.,  3061.,  2160., ...,  4201.,  2080.,  4601.],\n",
       "       [ 4241.,  4171.,  3280., ...,  5001.,  3320.,  4601.],\n",
       "       [13621., 15041., 15340., ..., 16600., 15600., 16600.]])"
      ]
     },
     "execution_count": 35,
     "metadata": {},
     "output_type": "execute_result"
    }
   ],
   "source": [
    "np.transpose(lending_co_data_numeric)"
   ]
  },
  {
   "cell_type": "markdown",
   "id": "1f0461dc",
   "metadata": {},
   "source": [
    "- The number of elements of the new array and the old array must be same when reshaping "
   ]
  },
  {
   "cell_type": "code",
   "execution_count": 38,
   "id": "71125639",
   "metadata": {},
   "outputs": [
    {
     "data": {
      "text/plain": [
       "array([[ 2000.,    40.,   365., ...,    50.,   365.,  5350.],\n",
       "       [ 6850., 15150.,  1000., ..., 16600.,  2000.,    40.],\n",
       "       [  365.,  3441.,  4661., ...,  4601.,  4601., 16600.]])"
      ]
     },
     "execution_count": 38,
     "metadata": {},
     "output_type": "execute_result"
    }
   ],
   "source": [
    "# np.reshape(lending_co_data_numeric, (3,500))\n",
    "#If you want 3 rows then divide the total no of columns by no_of_rows_desired\n",
    "# 2086 in this case \n",
    "np.reshape(lending_co_data_numeric, (3,2086))"
   ]
  },
  {
   "cell_type": "markdown",
   "id": "5a9ad17c",
   "metadata": {},
   "source": [
    "- You can keep as many dimensions as you want "
   ]
  },
  {
   "cell_type": "code",
   "execution_count": 40,
   "id": "ba3e3ef8",
   "metadata": {},
   "outputs": [
    {
     "data": {
      "text/plain": [
       "array([[[ 2000.,    40.,   365., ...,   365.,  1581.,  3041.],\n",
       "        [12277.,  2000.,    40., ...,    50.,   365.,  5350.],\n",
       "        [ 6850., 15150.,  1000., ...,  2000.,    40.,   365.]],\n",
       "\n",
       "       [[ 3101.,  4351., 16600., ..., 16600.,  2000.,    40.],\n",
       "        [  365.,  3441.,  4661., ...,  8450., 22250.,  2000.],\n",
       "        [   40.,   365.,  3701., ...,  4601.,  4601., 16600.]]])"
      ]
     },
     "execution_count": 40,
     "metadata": {},
     "output_type": "execute_result"
    }
   ],
   "source": [
    "#This will give me a 3-d array with 2 arrays of 3 columns\n",
    "np.reshape(lending_co_data_numeric, (2,3,1043))"
   ]
  },
  {
   "cell_type": "code",
   "execution_count": 42,
   "id": "29498391",
   "metadata": {},
   "outputs": [
    {
     "data": {
      "text/plain": [
       "array([[[[[ 2000.,    40.,   365., ...,   365.,  1581.,  3041.],\n",
       "          [12277.,  2000.,    40., ...,    50.,   365.,  5350.],\n",
       "          [ 6850., 15150.,  1000., ...,  2000.,    40.,   365.]],\n",
       "\n",
       "         [[ 3101.,  4351., 16600., ..., 16600.,  2000.,    40.],\n",
       "          [  365.,  3441.,  4661., ...,  8450., 22250.,  2000.],\n",
       "          [   40.,   365.,  3701., ...,  4601.,  4601., 16600.]]]]])"
      ]
     },
     "execution_count": 42,
     "metadata": {},
     "output_type": "execute_result"
    }
   ],
   "source": [
    "# If you want to higher no of dimensions \n",
    "# 1 for each dimensions \n",
    "np.reshape(lending_co_data_numeric, (1,1,2,3,1043))"
   ]
  },
  {
   "cell_type": "markdown",
   "id": "dffc5a62",
   "metadata": {},
   "source": [
    "- If you want to use an reshape array multiple times then you should store it"
   ]
  },
  {
   "cell_type": "code",
   "execution_count": 43,
   "id": "6cdc2510",
   "metadata": {},
   "outputs": [
    {
     "data": {
      "text/plain": [
       "array([[ 2000.,    40.,   365., ...,   365.,  1581.,  3041.],\n",
       "       [12277.,  2000.,    40., ...,    50.,   365.,  5350.],\n",
       "       [ 6850., 15150.,  1000., ...,  2000.,    40.,   365.],\n",
       "       [ 3101.,  4351., 16600., ..., 16600.,  2000.,    40.],\n",
       "       [  365.,  3441.,  4661., ...,  8450., 22250.,  2000.],\n",
       "       [   40.,   365.,  3701., ...,  4601.,  4601., 16600.]])"
      ]
     },
     "execution_count": 43,
     "metadata": {},
     "output_type": "execute_result"
    }
   ],
   "source": [
    "lending_co_data_numeric_2 = np.reshape(lending_co_data_numeric, (6,1043))\n",
    "lending_co_data_numeric_2"
   ]
  },
  {
   "cell_type": "markdown",
   "id": "9b5fec98",
   "metadata": {},
   "source": [
    "## Removing Values"
   ]
  },
  {
   "cell_type": "code",
   "execution_count": 5,
   "id": "20a82d92",
   "metadata": {},
   "outputs": [],
   "source": [
    "lending_co_data_numeric = np.loadtxt(\"Lending-company-Numeric.csv\", delimiter = ',')"
   ]
  },
  {
   "cell_type": "code",
   "execution_count": 6,
   "id": "5455b95a",
   "metadata": {},
   "outputs": [
    {
     "data": {
      "text/plain": [
       "array([[ 2000.,    40.,   365.,  3121.,  4241., 13621.],\n",
       "       [ 2000.,    40.,   365.,  3061.,  4171., 15041.],\n",
       "       [ 1000.,    40.,   365.,  2160.,  3280., 15340.],\n",
       "       ...,\n",
       "       [ 2000.,    40.,   365.,  4201.,  5001., 16600.],\n",
       "       [ 1000.,    40.,   365.,  2080.,  3320., 15600.],\n",
       "       [ 2000.,    40.,   365.,  4601.,  4601., 16600.]])"
      ]
     },
     "execution_count": 6,
     "metadata": {},
     "output_type": "execute_result"
    }
   ],
   "source": [
    "lending_co_data_numeric"
   ]
  },
  {
   "cell_type": "code",
   "execution_count": 5,
   "id": "02c5c7f8",
   "metadata": {},
   "outputs": [
    {
     "data": {
      "text/plain": [
       "(6257,)"
      ]
     },
     "execution_count": 5,
     "metadata": {},
     "output_type": "execute_result"
    }
   ],
   "source": [
    "np.delete(lending_co_data_numeric, 0)\n",
    "np.delete(lending_co_data_numeric, 0).shape "
   ]
  },
  {
   "cell_type": "code",
   "execution_count": 6,
   "id": "a218439c",
   "metadata": {},
   "outputs": [
    {
     "data": {
      "text/plain": [
       "6258"
      ]
     },
     "execution_count": 6,
     "metadata": {},
     "output_type": "execute_result"
    }
   ],
   "source": [
    "lending_co_data_numeric.size "
   ]
  },
  {
   "cell_type": "code",
   "execution_count": 4,
   "id": "7f1c0b52",
   "metadata": {},
   "outputs": [
    {
     "ename": "NameError",
     "evalue": "name 'lending_co_data_numeric' is not defined",
     "output_type": "error",
     "traceback": [
      "\u001b[0;31m---------------------------------------------------------------------------\u001b[0m",
      "\u001b[0;31mNameError\u001b[0m                                 Traceback (most recent call last)",
      "\u001b[0;32m/var/folders/d0/yhp3g_r17bz06ywk1rksgb3w0000gn/T/ipykernel_18845/3203309913.py\u001b[0m in \u001b[0;36m<module>\u001b[0;34m\u001b[0m\n\u001b[0;32m----> 1\u001b[0;31m \u001b[0mlending_co_data_numeric\u001b[0m\u001b[0;34m\u001b[0m\u001b[0;34m\u001b[0m\u001b[0m\n\u001b[0m",
      "\u001b[0;31mNameError\u001b[0m: name 'lending_co_data_numeric' is not defined"
     ]
    }
   ],
   "source": [
    "lending_co_data_numeric"
   ]
  },
  {
   "cell_type": "code",
   "execution_count": 8,
   "id": "0bd7f872",
   "metadata": {},
   "outputs": [
    {
     "data": {
      "text/plain": [
       "array([[ 2000.,    40.,   365.,  3061.,  4171., 15041.],\n",
       "       [ 1000.,    40.,   365.,  2160.,  3280., 15340.],\n",
       "       [ 2000.,    40.,   365.,  3041.,  4241., 15321.],\n",
       "       ...,\n",
       "       [ 2000.,    40.,   365.,  4201.,  5001., 16600.],\n",
       "       [ 1000.,    40.,   365.,  2080.,  3320., 15600.],\n",
       "       [ 2000.,    40.,   365.,  4601.,  4601., 16600.]])"
      ]
     },
     "execution_count": 8,
     "metadata": {},
     "output_type": "execute_result"
    }
   ],
   "source": [
    "#What if you want to remove entire rows or columns ? \n",
    "# 0 - column \n",
    "np.delete(lending_co_data_numeric,0, axis = 0)\n",
    "# 1 - rows\n",
    "# np.delete(lending_co_data_numeric, 0, axis = 1)"
   ]
  },
  {
   "cell_type": "code",
   "execution_count": 14,
   "id": "c8f64240",
   "metadata": {},
   "outputs": [
    {
     "data": {
      "text/plain": [
       "array([[   40.,  3121., 13621.],\n",
       "       [   40.,  3061., 15041.],\n",
       "       [   40.,  2160., 15340.],\n",
       "       ...,\n",
       "       [   40.,  4201., 16600.],\n",
       "       [   40.,  2080., 15600.],\n",
       "       [   40.,  4601., 16600.]])"
      ]
     },
     "execution_count": 14,
     "metadata": {},
     "output_type": "execute_result"
    }
   ],
   "source": [
    "#Deleting multiple columns \n",
    "np.delete(lending_co_data_numeric, (0,2,4), axis = 1)\n",
    "np.delete(lending_co_data_numeric, [0,2,4], axis = 1)"
   ]
  },
  {
   "cell_type": "code",
   "execution_count": 16,
   "id": "7e57ef0e",
   "metadata": {},
   "outputs": [
    {
     "data": {
      "text/plain": [
       "array([[   40.,  3061., 15041.],\n",
       "       [   40.,  3041., 15321.],\n",
       "       [   50.,  3470., 13720.],\n",
       "       ...,\n",
       "       [   40.,  4240., 16600.],\n",
       "       [   40.,  4201., 16600.],\n",
       "       [   40.,  2080., 15600.]])"
      ]
     },
     "execution_count": 16,
     "metadata": {},
     "output_type": "execute_result"
    }
   ],
   "source": [
    "#Deleting rows and columns simultaneously \n",
    "np.delete(np.delete(lending_co_data_numeric, (0,2,4), axis = 1), (0,2,-1), axis = 0)"
   ]
  },
  {
   "cell_type": "markdown",
   "id": "d901f7f7",
   "metadata": {},
   "source": [
    "### Sorting Data"
   ]
  },
  {
   "cell_type": "code",
   "execution_count": 17,
   "id": "286e971a",
   "metadata": {},
   "outputs": [
    {
     "data": {
      "text/plain": [
       "array([[ 2000.,    40.,   365.,  3121.,  4241., 13621.],\n",
       "       [ 2000.,    40.,   365.,  3061.,  4171., 15041.],\n",
       "       [ 1000.,    40.,   365.,  2160.,  3280., 15340.],\n",
       "       ...,\n",
       "       [ 2000.,    40.,   365.,  4201.,  5001., 16600.],\n",
       "       [ 1000.,    40.,   365.,  2080.,  3320., 15600.],\n",
       "       [ 2000.,    40.,   365.,  4601.,  4601., 16600.]])"
      ]
     },
     "execution_count": 17,
     "metadata": {},
     "output_type": "execute_result"
    }
   ],
   "source": [
    "lending_co_data_numeric = np.loadtxt(\"Lending-company-Numeric.csv\", delimiter = ',')\n",
    "lending_co_data_numeric"
   ]
  },
  {
   "cell_type": "code",
   "execution_count": 20,
   "id": "bc2e0254",
   "metadata": {},
   "outputs": [
    {
     "data": {
      "text/plain": [
       "(1043, 6)"
      ]
     },
     "execution_count": 20,
     "metadata": {},
     "output_type": "execute_result"
    }
   ],
   "source": [
    "#np.sort() traverses the array backwards \n",
    "np.sort(lending_co_data_numeric)\n",
    "np.sort(lending_co_data_numeric).shape"
   ]
  },
  {
   "cell_type": "code",
   "execution_count": 21,
   "id": "9b7c8164",
   "metadata": {},
   "outputs": [
    {
     "data": {
      "text/plain": [
       "(1043, 6)"
      ]
     },
     "execution_count": 21,
     "metadata": {},
     "output_type": "execute_result"
    }
   ],
   "source": [
    "lending_co_data_numeric.shape "
   ]
  },
  {
   "cell_type": "code",
   "execution_count": 25,
   "id": "d656124e",
   "metadata": {},
   "outputs": [
    {
     "data": {
      "text/plain": [
       "array([-2870., -2870., -2550., ..., 54625., 54625., 64001.])"
      ]
     },
     "execution_count": 25,
     "metadata": {},
     "output_type": "execute_result"
    }
   ],
   "source": [
    "np.sort(lending_co_data_numeric, axis = 0)\n",
    "np.sort(lending_co_data_numeric, axis = None)"
   ]
  },
  {
   "cell_type": "code",
   "execution_count": 23,
   "id": "912bdb4d",
   "metadata": {},
   "outputs": [],
   "source": [
    "#If you want numpy to remove scientific notations \n",
    "#This setting will apply to all of your code \n",
    "np.set_printoptions(suppress = True)"
   ]
  },
  {
   "cell_type": "code",
   "execution_count": 27,
   "id": "af7b7a9c",
   "metadata": {},
   "outputs": [
    {
     "data": {
      "text/plain": [
       "array([[   40.,   365.,  2000.,  3121.,  4241., 13621.],\n",
       "       [   40.,   365.,  2000.,  3061.,  4171., 15041.],\n",
       "       [   40.,   365.,  1000.,  2160.,  3280., 15340.],\n",
       "       ...,\n",
       "       [   40.,   365.,  2000.,  4201.,  5001., 16600.],\n",
       "       [   40.,   365.,  1000.,  2080.,  3320., 15600.],\n",
       "       [   40.,   365.,  2000.,  4601.,  4601., 16600.]])"
      ]
     },
     "execution_count": 27,
     "metadata": {},
     "output_type": "execute_result"
    }
   ],
   "source": [
    "np.sort(lending_co_data_numeric)"
   ]
  },
  {
   "cell_type": "code",
   "execution_count": 26,
   "id": "126821d1",
   "metadata": {},
   "outputs": [
    {
     "data": {
      "text/plain": [
       "array([[-13621.,  -4241.,  -3121.,  -2000.,   -365.,    -40.],\n",
       "       [-15041.,  -4171.,  -3061.,  -2000.,   -365.,    -40.],\n",
       "       [-15340.,  -3280.,  -2160.,  -1000.,   -365.,    -40.],\n",
       "       ...,\n",
       "       [-16600.,  -5001.,  -4201.,  -2000.,   -365.,    -40.],\n",
       "       [-15600.,  -3320.,  -2080.,  -1000.,   -365.,    -40.],\n",
       "       [-16600.,  -4601.,  -4601.,  -2000.,   -365.,    -40.]])"
      ]
     },
     "execution_count": 26,
     "metadata": {},
     "output_type": "execute_result"
    }
   ],
   "source": [
    "#Converts positive number to an negative number and sorts them \n",
    "np.sort(-lending_co_data_numeric)"
   ]
  },
  {
   "cell_type": "code",
   "execution_count": 32,
   "id": "d7890f40",
   "metadata": {},
   "outputs": [
    {
     "data": {
      "text/plain": [
       "array([[   -40.,   -365.,  -2000.,  -3121.,  -4241., -13621.],\n",
       "       [   -40.,   -365.,  -2000.,  -3061.,  -4171., -15041.],\n",
       "       [   -40.,   -365.,  -1000.,  -2160.,  -3280., -15340.],\n",
       "       ...,\n",
       "       [   -40.,   -365.,  -2000.,  -4201.,  -5001., -16600.],\n",
       "       [   -40.,   -365.,  -1000.,  -2080.,  -3320., -15600.],\n",
       "       [   -40.,   -365.,  -2000.,  -4601.,  -4601., -16600.]])"
      ]
     },
     "execution_count": 32,
     "metadata": {},
     "output_type": "execute_result"
    }
   ],
   "source": [
    "#All the signs of the number are flipped (sign is converted from positive to negative)\n",
    "-np.sort(lending_co_data_numeric)"
   ]
  },
  {
   "cell_type": "code",
   "execution_count": 31,
   "id": "5c7aaad2",
   "metadata": {},
   "outputs": [
    {
     "data": {
      "text/plain": [
       "array([[13621.,  4241.,  3121.,  2000.,   365.,    40.],\n",
       "       [15041.,  4171.,  3061.,  2000.,   365.,    40.],\n",
       "       [15340.,  3280.,  2160.,  1000.,   365.,    40.],\n",
       "       ...,\n",
       "       [16600.,  5001.,  4201.,  2000.,   365.,    40.],\n",
       "       [15600.,  3320.,  2080.,  1000.,   365.,    40.],\n",
       "       [16600.,  4601.,  4601.,  2000.,   365.,    40.]])"
      ]
     },
     "execution_count": 31,
     "metadata": {},
     "output_type": "execute_result"
    }
   ],
   "source": [
    "#To sort in descending order \n",
    "-np.sort(-lending_co_data_numeric)"
   ]
  },
  {
   "cell_type": "code",
   "execution_count": 36,
   "id": "85c71fa8",
   "metadata": {},
   "outputs": [
    {
     "data": {
      "text/plain": [
       "array([[ 2000.,    40.,   365.,  3121.,  4241., 13621.],\n",
       "       [ 2000.,    40.,   365.,  3061.,  4171., 15041.],\n",
       "       [ 1000.,    40.,   365.,  2160.,  3280., 15340.],\n",
       "       ...,\n",
       "       [ 2000.,    40.,   365.,  4201.,  5001., 16600.],\n",
       "       [ 1000.,    40.,   365.,  2080.,  3320., 15600.],\n",
       "       [ 2000.,    40.,   365.,  4601.,  4601., 16600.]])"
      ]
     },
     "execution_count": 36,
     "metadata": {},
     "output_type": "execute_result"
    }
   ],
   "source": [
    "lending_co_data_numeric"
   ]
  },
  {
   "cell_type": "code",
   "execution_count": 37,
   "id": "da39e8d6",
   "metadata": {},
   "outputs": [
    {
     "data": {
      "text/plain": [
       "array([-2870., -2550., -2450., ..., 16751., 17650., 19001.])"
      ]
     },
     "execution_count": 37,
     "metadata": {},
     "output_type": "execute_result"
    }
   ],
   "source": [
    "# The np.sort() function returns a sorted version of the original array, rather than sorting it in place \n",
    "np.sort(lending_co_data_numeric[:,3])"
   ]
  },
  {
   "cell_type": "code",
   "execution_count": 38,
   "id": "5b8ec8ca",
   "metadata": {},
   "outputs": [],
   "source": [
    "#ND_array.sort() \n",
    "#Takes the array variable\n",
    "#Sorts the array variable \n",
    "#Stores the sorted version over the original"
   ]
  },
  {
   "cell_type": "code",
   "execution_count": 39,
   "id": "0aa70a84",
   "metadata": {},
   "outputs": [],
   "source": [
    "lending_co_data_numeric[:,3].sort()"
   ]
  },
  {
   "cell_type": "code",
   "execution_count": 40,
   "id": "0b22ac4d",
   "metadata": {},
   "outputs": [
    {
     "data": {
      "text/plain": [
       "array([[ 2000.,    40.,   365., -2870.,  4241., 13621.],\n",
       "       [ 2000.,    40.,   365., -2550.,  4171., 15041.],\n",
       "       [ 1000.,    40.,   365., -2450.,  3280., 15340.],\n",
       "       ...,\n",
       "       [ 2000.,    40.,   365., 16751.,  5001., 16600.],\n",
       "       [ 1000.,    40.,   365., 17650.,  3320., 15600.],\n",
       "       [ 2000.,    40.,   365., 19001.,  4601., 16600.]])"
      ]
     },
     "execution_count": 40,
     "metadata": {},
     "output_type": "execute_result"
    }
   ],
   "source": [
    "lending_co_data_numeric"
   ]
  },
  {
   "cell_type": "markdown",
   "id": "e689ca4d",
   "metadata": {},
   "source": [
    "### Argument Funtions"
   ]
  },
  {
   "cell_type": "markdown",
   "id": "e43a413e",
   "metadata": {},
   "source": [
    "#### np.argsort()"
   ]
  },
  {
   "cell_type": "code",
   "execution_count": 4,
   "id": "ac509b27",
   "metadata": {},
   "outputs": [
    {
     "data": {
      "text/plain": [
       "array([[ 2000.,    40.,   365.,  3121.,  4241., 13621.],\n",
       "       [ 2000.,    40.,   365.,  3061.,  4171., 15041.],\n",
       "       [ 1000.,    40.,   365.,  2160.,  3280., 15340.],\n",
       "       ...,\n",
       "       [ 2000.,    40.,   365.,  4201.,  5001., 16600.],\n",
       "       [ 1000.,    40.,   365.,  2080.,  3320., 15600.],\n",
       "       [ 2000.,    40.,   365.,  4601.,  4601., 16600.]])"
      ]
     },
     "execution_count": 4,
     "metadata": {},
     "output_type": "execute_result"
    }
   ],
   "source": [
    "lending_co_data_numeric = np.loadtxt(\"Lending-company-Numeric.csv\", delimiter = ',')\n",
    "lending_co_data_numeric"
   ]
  },
  {
   "cell_type": "code",
   "execution_count": 5,
   "id": "bf4c3578",
   "metadata": {},
   "outputs": [
    {
     "data": {
      "text/plain": [
       "array([[1, 2, 0, 3, 4, 5],\n",
       "       [1, 2, 0, 3, 4, 5],\n",
       "       [1, 2, 0, 3, 4, 5],\n",
       "       ...,\n",
       "       [1, 2, 0, 3, 4, 5],\n",
       "       [1, 2, 0, 3, 4, 5],\n",
       "       [1, 2, 0, 3, 4, 5]])"
      ]
     },
     "execution_count": 5,
     "metadata": {},
     "output_type": "execute_result"
    }
   ],
   "source": [
    "#Returns you an array of indices through which it can be sorted \n",
    "np.argsort(lending_co_data_numeric)"
   ]
  },
  {
   "cell_type": "code",
   "execution_count": 6,
   "id": "f3762305",
   "metadata": {},
   "outputs": [
    {
     "data": {
      "text/plain": [
       "array([[   40.,   365.,  2000.,  3121.,  4241., 13621.],\n",
       "       [   40.,   365.,  2000.,  3061.,  4171., 15041.],\n",
       "       [   40.,   365.,  1000.,  2160.,  3280., 15340.],\n",
       "       ...,\n",
       "       [   40.,   365.,  2000.,  4201.,  5001., 16600.],\n",
       "       [   40.,   365.,  1000.,  2080.,  3320., 15600.],\n",
       "       [   40.,   365.,  2000.,  4601.,  4601., 16600.]])"
      ]
     },
     "execution_count": 6,
     "metadata": {},
     "output_type": "execute_result"
    }
   ],
   "source": [
    "np.sort(lending_co_data_numeric)"
   ]
  },
  {
   "cell_type": "code",
   "execution_count": 8,
   "id": "5799d3e8",
   "metadata": {},
   "outputs": [
    {
     "data": {
      "text/plain": [
       "array([[ 537,  443,    0,   32,   32,  482],\n",
       "       [ 639,  327,  687,  166,  166,  493],\n",
       "       [ 849,  432,  688,   85,   85,  166],\n",
       "       ...,\n",
       "       [  27,  326,  355,  568, 1019,  568],\n",
       "       [ 277,   27,  357,  718, 1033,  534],\n",
       "       [ 420,  408, 1042,  912,  912,   27]])"
      ]
     },
     "execution_count": 8,
     "metadata": {},
     "output_type": "execute_result"
    }
   ],
   "source": [
    "#Each column contains the values that will sort the column (in acscending order)\n",
    "np.argsort(lending_co_data_numeric, axis = 0)"
   ]
  },
  {
   "cell_type": "code",
   "execution_count": 12,
   "id": "3b9426a8",
   "metadata": {},
   "outputs": [
    {
     "data": {
      "text/plain": [
       "-350.0"
      ]
     },
     "execution_count": 12,
     "metadata": {},
     "output_type": "execute_result"
    }
   ],
   "source": [
    "lending_co_data_numeric[482,5]"
   ]
  },
  {
   "cell_type": "code",
   "execution_count": 13,
   "id": "9222c638",
   "metadata": {},
   "outputs": [
    {
     "data": {
      "text/plain": [
       "array([537, 639, 849, ...,  27, 277, 420])"
      ]
     },
     "execution_count": 13,
     "metadata": {},
     "output_type": "execute_result"
    }
   ],
   "source": [
    "np.argsort(lending_co_data_numeric[:,0])"
   ]
  },
  {
   "cell_type": "code",
   "execution_count": 7,
   "id": "88706f85",
   "metadata": {},
   "outputs": [
    {
     "data": {
      "text/plain": [
       "array([[ 1000.,    40.,   365.,  2200.,  3400., 15600.],\n",
       "       [ 1000.,    40.,   365.,  2240.,  3680., 15600.],\n",
       "       [ 1000.,    40.,   365.,  2575.,  3635., 15600.],\n",
       "       ...,\n",
       "       [ 9000.,   125.,   365., 13001., 16726., 54625.],\n",
       "       [ 9000.,   125.,   365., 10001., 10501., 24126.],\n",
       "       [ 9000.,   125.,   365., 12251., 14251., 25626.]])"
      ]
     },
     "execution_count": 7,
     "metadata": {},
     "output_type": "execute_result"
    }
   ],
   "source": [
    "lending_co_data_numeric = lending_co_data_numeric[np.argsort(lending_co_data_numeric[:,0])]\n",
    "lending_co_data_numeric"
   ]
  },
  {
   "cell_type": "code",
   "execution_count": 6,
   "id": "172780f3",
   "metadata": {},
   "outputs": [],
   "source": [
    "np.set_printoptions(suppress = True)"
   ]
  },
  {
   "cell_type": "markdown",
   "id": "ebf37022",
   "metadata": {},
   "source": [
    "### np.argwhere()"
   ]
  },
  {
   "cell_type": "code",
   "execution_count": 2,
   "id": "4b0c440e",
   "metadata": {},
   "outputs": [
    {
     "data": {
      "text/plain": [
       "array([[ 2000.,    40.,   365.,  3121.,  4241., 13621.],\n",
       "       [ 2000.,    40.,   365.,  3061.,  4171., 15041.],\n",
       "       [ 1000.,    40.,   365.,  2160.,  3280., 15340.],\n",
       "       ...,\n",
       "       [ 2000.,    40.,   365.,  4201.,  5001., 16600.],\n",
       "       [ 1000.,    40.,   365.,  2080.,  3320., 15600.],\n",
       "       [ 2000.,    40.,   365.,  4601.,  4601., 16600.]])"
      ]
     },
     "execution_count": 2,
     "metadata": {},
     "output_type": "execute_result"
    }
   ],
   "source": [
    "lending_co_data_numeric = np.loadtxt(\"Lending-company-Numeric.csv\", delimiter = ',')\n",
    "lending_co_data_numeric"
   ]
  },
  {
   "cell_type": "code",
   "execution_count": 3,
   "id": "f9670241",
   "metadata": {},
   "outputs": [
    {
     "data": {
      "text/plain": [
       "array([[   0,    0],\n",
       "       [   0,    1],\n",
       "       [   0,    2],\n",
       "       ...,\n",
       "       [1042,    3],\n",
       "       [1042,    4],\n",
       "       [1042,    5]])"
      ]
     },
     "execution_count": 3,
     "metadata": {},
     "output_type": "execute_result"
    }
   ],
   "source": [
    "np.argwhere(lending_co_data_numeric)"
   ]
  },
  {
   "cell_type": "markdown",
   "id": "5cc79940",
   "metadata": {},
   "source": [
    "- np.argwhere() goes over the entire ND array and checks whether the individual elemetns satisfy a given condition\n",
    "- The outputs are indices for all the individual elements where the condition is met \n",
    "- The default condition is to check for values different from 0"
   ]
  },
  {
   "cell_type": "code",
   "execution_count": 5,
   "id": "a783b73f",
   "metadata": {},
   "outputs": [
    {
     "data": {
      "text/plain": [
       "array([[116,   4],\n",
       "       [430,   3]])"
      ]
     },
     "execution_count": 5,
     "metadata": {},
     "output_type": "execute_result"
    }
   ],
   "source": [
    "#To get the indices of elements where 0 value is present\n",
    "np.argwhere(lending_co_data_numeric == False)"
   ]
  },
  {
   "cell_type": "code",
   "execution_count": 7,
   "id": "a4bba5b9",
   "metadata": {},
   "outputs": [
    {
     "data": {
      "text/plain": [
       "0.0"
      ]
     },
     "execution_count": 7,
     "metadata": {},
     "output_type": "execute_result"
    }
   ],
   "source": [
    "lending_co_data_numeric[116][4]"
   ]
  },
  {
   "cell_type": "code",
   "execution_count": 8,
   "id": "75f6d7e8",
   "metadata": {},
   "outputs": [
    {
     "data": {
      "text/plain": [
       "0.0"
      ]
     },
     "execution_count": 8,
     "metadata": {},
     "output_type": "execute_result"
    }
   ],
   "source": [
    "lending_co_data_numeric[430, 3]"
   ]
  },
  {
   "cell_type": "code",
   "execution_count": 9,
   "id": "cd9c23b8",
   "metadata": {},
   "outputs": [
    {
     "data": {
      "text/plain": [
       "array([[ 2000.,    40.,   365.,  3121.,  4241., 13621.],\n",
       "       [ 2000.,    40.,   365.,  3061.,  4171., 15041.],\n",
       "       [ 1000.,    40.,   365.,  2160.,  3280., 15340.],\n",
       "       ...,\n",
       "       [ 2000.,    40.,   365.,  4201.,  5001., 16600.],\n",
       "       [ 1000.,    40.,   365.,  2080.,  3320., 15600.],\n",
       "       [ 2000.,    40.,   365.,  4601.,  4601., 16600.]])"
      ]
     },
     "execution_count": 9,
     "metadata": {},
     "output_type": "execute_result"
    }
